5000 0.03477 0.02986 
6000 0.04829 0.04180 
7000 0.06287 0.05188 
8000 0.07588 0.06683 
9000 0.09496 0.08023 
10000 0.11258 0.09273 
11000 0.13336 0.11282 
12000 0.16081 0.13111 
13000 0.18317 0.15343 
14000 0.20448 0.17336 
15000 0.22998 0.19745 
16000 0.26385 0.21624 
17000 0.29237 0.23791 
18000 0.32663 0.26551 
19000 0.35072 0.29685 
20000 0.38448 0.32026 
21000 0.42070 0.35100 
22000 0.45693 0.37947 
23000 0.50279 0.40658 
24000 0.53247 0.44371 
25000 0.57762 0.47861 
26000 0.59998 0.52186 
27000 0.64934 0.55421 
28000 0.69775 0.58385 
29000 0.74492 0.62576 
30000 0.76693 0.66722 
31000 0.81816 0.70808 
32000 0.87724 0.73882 
33000 0.92709 0.79043 
34000 0.96887 0.83911 
35000 1.03341 0.88115 
36000 1.08524 0.93978 
37000 1.13848 0.98790 
38000 1.19996 1.01987 
39000 1.27463 1.08327 
40000 1.31728 1.13910 
41000 1.39491 1.18167 
42000 1.44210 1.25662 
43000 1.53016 1.29665 
44000 1.56328 1.37972 
